0,228,472,516,173,738,722,590,700,221,526,220,535,776,152,488,554,555,88,590,147,488,361,730,637,791,802,797,340,693,241,213,631,114,336,302,585,301,102,102
228,0,350,445,390,943,946,794,793,118,730,448,574,934,80,493,491,545,269,460,376,713,542,893,831,898,876,1022,453,880,236,244,859,245,518,284,814,324,126,126
472,350,0,130,546,974,1052,839,624,264,780,631,372,856,363,271,173,283,440,117,581,843,834,830,846,737,668,1131,416,870,248,286,1002,552,809,206,994,672,409,409
516,445,130,0,549,906,1008,780,508,339,726,635,259,757,437,163,46,158,463,149,599,814,874,736,776,620,543,1085,363,791,275,306,973,611,849,215,979,755,474,474
173,390,546,549,0,565,557,416,591,343,353,86,482,620,309,468,577,537,124,657,76,325,364,572,465,667,701,634,255,524,298,260,478,257,342,343,451,442,268,268
738,943,974,906,565,0,217,149,544,869,213,541,681,296,863,751,906,794,675,1052,611,310,752,263,129,514,636,259,559,137,775,743,313,811,744,784,419,978,830,830
722,946,1052,1008,557,217,0,246,727,896,286,503,815,508,866,867,1017,921,681,1146,577,233,631,470,292,715,829,78,644,337,824,788,129,767,630,849,240,907,823,823
590,794,839,780,416,149,246,0,485,721,64,397,573,310,714,631,785,682,526,923,465,202,632,262,75,486,592,317,423,145,631,598,279,665,621,644,361,837,680,680
700,793,624,508,591,544,727,485,0,678,468,645,252,291,736,353,483,353,612,651,667,637,945,294,435,113,115,789,360,406,558,550,759,813,925,521,822,1002,737,737
221,118,264,339,343,869,896,721,678,0,657,417,455,833,100,374,383,428,220,381,353,667,576,795,750,784,758,973,348,794,120,136,821,288,552,165,790,416,145,145
526,730,780,726,353,213,286,64,468,657,0,338,529,334,649,581,733,635,461,867,404,179,587,283,119,484,579,361,365,187,568,534,291,604,575,582,356,778,616,616
220,448,631,635,86,541,503,397,645,417,338,0,559,638,369,551,662,620,198,742,74,269,299,588,456,711,758,577,329,521,382,344,411,271,279,429,373,439,322,322
535,574,372,259,482,681,815,573,252,455,529,559,0,501,530,101,241,115,453,406,553,657,846,484,553,365,308,889,229,555,340,344,807,649,822,290,839,827,543,543
776,934,856,757,620,296,508,310,291,833,334,638,501,0,862,594,743,616,693,906,689,509,914,50,236,228,359,555,485,173,719,697,579,875,899,703,670,1063,844,844
152,80,363,437,309,863,866,714,736,100,649,369,530,862,0,458,481,517,189,479,298,633,487,820,752,838,825,942,386,802,190,188,780,193,463,248,737,318,53,53
488,493,271,163,468,751,867,631,353,374,581,551,101,594,458,0,155,69,414,312,531,689,822,573,621,466,405,943,236,632,268,281,845,597,798,210,864,767,479,479
554,491,173,46,577,906,1017,785,483,383,733,662,241,743,481,155,0,130,497,167,630,830,909,725,776,594,511,1094,376,787,313,341,988,652,884,251,999,799,517,517
555,545,283,158,537,794,921,682,353,428,635,620,115,616,517,69,130,0,482,297,601,750,891,600,666,464,385,996,301,670,329,345,905,663,867,268,928,829,541,541
88,269,440,463,124,675,681,526,612,220,461,198,453,693,189,414,497,482,0,554,141,449,412,648,567,702,714,757,251,620,193,158,602,201,388,248,571,390,156,156
590,460,117,149,657,1052,1146,923,651,381,867,742,406,906,479,312,167,297,554,0,696,943,951,885,923,762,675,1224,502,940,362,398,1103,669,926,313,1100,784,526,526
147,376,581,599,76,611,577,465,667,353,404,74,553,689,298,531,630,601,141,696,0,344,292,640,520,743,778,651,328,583,333,297,484,200,269,387,440,376,249,249
488,713,843,814,325,310,233,202,637,667,179,269,657,509,633,689,830,750,449,943,344,0,442,459,277,662,751,309,454,348,605,567,160,535,435,636,186,686,589,589
361,542,834,874,364,752,631,632,945,576,587,299,846,914,487,822,909,891,412,951,292,442,0,863,703,1008,1058,685,620,773,599,568,505,297,25,659,408,325,435,435
730,893,830,736,572,263,470,262,294,795,283,588,484,50,820,573,725,600,648,885,640,459,863,0,190,250,376,521,447,132,682,659,535,828,848,670,623,1014,801,801
637,831,846,776,465,129,292,75,435,750,119,456,553,236,752,621,776,666,567,923,520,277,703,190,0,424,536,354,431,70,652,622,345,719,692,658,433,896,723,723
791,898,737,620,667,514,715,486,113,784,484,711,365,228,838,466,594,464,702,762,743,662,1008,250,424,0,132,770,455,379,664,653,765,901,990,630,841,1091,835,835
802,876,668,543,701,636,829,592,115,758,579,758,308,359,825,405,511,385,714,675,778,751,1058,376,536,132,0,889,462,500,640,637,868,915,1038,595,935,1102,830,830
797,1022,1131,1085,634,259,78,317,789,973,361,577,889,555,942,943,1094,996,757,1224,651,309,685,521,354,770,889,0,722,390,903,866,181,837,687,928,281,972,898,898
340,453,416,363,255,559,644,423,360,348,365,329,229,485,386,236,376,301,251,502,328,454,620,447,431,455,462,722,0,462,234,212,612,453,597,228,627,641,380,380
693,880,870,791,524,137,337,145,406,794,187,521,555,173,802,632,787,670,620,940,583,348,773,132,70,379,500,390,462,0,690,662,406,780,762,690,499,959,776,776
241,236,248,275,298,775,824,631,558,120,568,382,340,719,190,268,313,329,193,362,333,605,599,682,652,664,640,903,234,690,0,38,764,340,574,62,748,500,212,212
213,244,286,306,260,743,788,598,550,136,534,344,344,697,188,281,341,345,158,398,297,567,568,659,622,653,637,866,212,662,38,0,726,318,543,91,710,486,200,200
631,859,1002,973,478,313,129,279,759,821,291,411,807,579,780,845,988,905,602,1103,484,160,505,535,345,765,868,181,612,406,764,726,0,663,506,796,112,792,733,733
114,245,552,611,257,811,767,665,813,288,604,271,649,875,193,597,652,663,201,669,200,535,297,828,719,901,915,837,453,780,340,318,663,0,273,403,599,190,143,143
336,518,809,849,342,744,630,621,925,552,575,279,822,899,463,798,884,867,388,926,269,435,25,848,692,990,1038,687,597,762,574,543,506,273,0,634,411,311,410,410
302,284,206,215,343,784,849,644,521,165,582,429,290,703,248,210,251,268,248,313,387,636,659,670,658,630,595,928,228,690,62,91,796,403,634,0,788,562,274,274
585,814,994,979,451,419,240,361,822,790,356,373,839,670,737,864,999,928,571,1100,440,186,408,623,433,841,935,281,627,499,748,710,112,599,411,788,0,710,687,687
301,324,672,755,442,978,907,837,1002,416,778,439,827,1063,318,767,799,829,390,784,376,686,325,1014,896,1091,1102,972,641,959,500,486,792,190,311,562,710,0,288,288
102,126,409,474,268,830,823,680,737,145,616,322,543,844,53,479,517,541,156,526,249,589,435,801,723,835,830,898,380,776,212,200,733,143,410,274,687,288,0,0
158,288,602,662,280,819,762,676,851,338,617,279,694,900,241,645,702,711,242,719,214,534,255,852,734,936,955,830,493,797,390,367,653,50,232,453,582,162,193,193
0,790,453,583,479,178,395,236,487,517,606,422,420,380,225,581,140,247,524,456,605,558,631,278,550,692,593,624,383,226,593,555,271,574,434,535,489,625,270,270
790,0,639,721,803,857,667,771,649,373,386,932,876,688,998,458,927,546,754,626,698,233,672,664,640,145,672,264,580,885,775,634,1057,313,875,563,460,429,1052,1052
453,639,0,877,838,371,62,633,35,606,707,313,251,702,659,211,522,335,127,13,883,484,178,174,97,627,141,639,633,671,179,812,682,621,834,110,178,750,598,598
583,721,877,0,156,758,848,361,911,365,336,985,966,202,637,867,686,544,994,872,37,563,1031,744,955,576,1004,457,243,457,1055,87,707,413,263,897,785,300,800,800
479,803,838,156,0,658,799,243,873,430,435,898,887,140,495,865,563,505,944,835,193,612,1004,686,924,659,973,542,240,317,1009,203,563,490,107,876,776,412,667,667
178,857,371,758,658,0,308,415,399,645,742,248,257,555,309,549,162,326,402,378,779,637,537,220,464,783,498,737,546,387,469,725,317,693,609,473,470,769,228,228
395,667,62,848,799,308,0,586,93,597,700,268,209,666,599,263,460,303,146,71,855,495,236,119,158,642,197,643,604,617,210,786,620,619,788,169,211,741,535,535
236,771,633,361,243,415,586,0,669,423,482,657,650,166,290,704,325,324,727,632,388,545,808,468,726,644,773,545,224,123,795,352,361,488,204,690,609,484,440,440
487,649,35,911,873,399,93,669,0,633,734,321,258,737,692,208,553,369,106,39,916,505,143,209,65,645,106,663,667,706,149,844,713,646,869,98,191,778,625,625
517,373,606,365,430,645,597,423,633,0,103,810,770,317,688,535,656,329,733,596,350,198,728,528,661,232,709,122,211,544,782,278,754,65,503,592,469,144,787,787
606,386,707,336,435,742,700,482,734,103,0,913,874,348,761,625,743,431,834,698,311,269,824,631,760,242,806,125,258,605,883,250,830,98,524,688,565,49,873,873
422,932,313,985,898,248,268,657,321,810,913,0,63,785,541,524,397,482,258,326,1002,744,415,284,370,894,380,877,757,636,305,941,530,844,856,419,480,947,403,403
420,876,251,966,887,257,209,650,258,770,874,63,0,769,563,462,416,448,197,264,980,694,354,242,307,843,318,832,732,641,249,918,559,802,852,356,421,910,440,440
380,688,702,202,140,555,666,166,737,317,348,785,769,0,455,725,488,368,812,698,225,484,866,556,787,549,836,437,109,280,876,185,526,381,187,737,636,339,606,606
225,998,659,637,495,309,599,290,692,688,761,541,563,455,0,804,147,466,709,665,668,765,834,489,757,888,795,805,508,180,777,640,71,750,408,751,713,768,185,185
581,458,211,867,865,549,263,704,208,535,625,524,462,725,804,0,681,379,304,198,863,364,216,329,184,482,214,529,633,773,317,789,839,528,887,110,94,673,777,777
140,927,522,686,563,162,460,325,553,656,743,397,416,488,147,681,0,381,564,528,713,696,693,356,618,832,654,764,510,259,631,671,160,714,495,618,594,760,130,130
247,546,335,544,505,326,303,324,369,329,431,482,448,368,466,379,381,0,450,330,551,317,499,208,419,459,468,411,300,399,511,483,518,370,512,372,285,464,506,506
524,754,127,994,944,402,146,727,106,733,834,258,197,812,709,304,564,450,0,138,1001,610,156,259,124,751,122,767,750,749,68,931,720,748,931,193,297,877,616,616
456,626,13,872,835,378,71,632,39,596,698,326,264,698,665,198,528,330,138,0,877,473,176,177,95,615,141,628,628,672,186,805,688,610,832,98,165,741,606,606
605,698,883,37,193,779,855,388,916,350,311,1002,980,225,668,863,713,551,1001,877,0,549,1033,755,957,553,1007,435,251,488,1061,74,739,393,300,898,783,273,828,828
558,233,484,563,612,637,495,545,505,198,269,744,694,484,765,364,696,317,610,473,549,0,572,463,517,150,560,165,375,655,649,476,824,170,670,441,319,318,822,822
631,672,178,1031,1004,537,236,808,143,728,824,415,354,866,834,216,693,499,156,176,1033,572,0,352,81,697,39,737,789,849,126,960,852,730,1006,136,259,871,758,758
278,664,174,744,686,220,119,468,209,528,631,284,242,556,489,329,356,208,259,177,755,463,352,0,272,613,315,593,504,498,327,688,516,560,671,262,250,668,447,447
550,640,97,955,924,464,158,726,65,661,760,370,307,787,757,184,618,419,124,95,957,517,81,272,0,650,49,679,712,768,135,885,778,668,925,78,198,805,689,689
692,145,627,576,659,783,642,644,645,232,242,894,843,549,888,482,832,459,751,615,553,150,697,613,650,0,690,119,442,762,784,489,951,169,735,572,454,286,961,961
593,672,141,1004,973,498,197,773,106,709,806,380,318,836,795,214,654,468,122,141,1007,560,39,315,49,690,0,723,761,812,107,934,813,714,973,119,242,852,720,720
624,264,639,457,542,737,643,545,663,122,125,877,832,437,805,529,764,411,767,628,435,165,737,593,679,119,723,0,333,666,809,370,870,56,621,604,481,172,895,895
383,580,633,243,240,546,604,224,667,211,258,757,732,109,508,633,510,300,750,628,251,375,789,504,712,442,761,333,0,347,811,185,578,277,296,656,547,260,637,637
226,885,671,457,317,387,617,123,706,544,605,636,641,280,180,773,259,399,749,672,488,655,849,498,768,762,812,666,347,0,818,463,250,610,238,743,678,606,351,351
593,775,179,1055,1009,469,210,795,149,782,883,305,249,876,777,317,631,511,68,186,1061,649,126,327,135,784,107,809,811,818,0,991,786,794,998,213,330,927,678,678
555,634,812,87,203,725,786,352,844,278,250,941,918,185,640,789,671,483,931,805,74,476,960,688,885,489,934,370,185,463,991,0,711,325,306,825,710,217,791,791
271,1057,682,707,563,317,620,361,713,754,830,530,559,526,71,839,160,518,720,688,739,824,852,516,778,951,813,870,578,250,786,711,0,816,474,778,751,838,141,141
574,313,621,413,490,693,619,488,646,65,98,844,802,381,750,528,714,370,748,610,393,170,730,560,668,169,714,56,277,610,794,325,816,0,566,595,471,148,844,844
434,875,834,263,107,609,788,204,869,503,524,856,852,187,408,887,495,512,931,832,300,670,1006,671,925,735,973,621,296,238,998,306,474,566,0,885,794,505,588,588
535,563,110,897,876,473,169,690,98,592,688,419,356,737,751,110,618,372,193,98,898,441,136,262,78,572,119,604,656,743,213,825,778,595,885,0,123,735,702,702
489,460,178,785,776,470,211,609,191,469,565,480,421,636,713,94,594,285,297,165,783,319,259,250,198,454,242,481,547,678,330,710,751,471,794,123,0,612,695,695
625,429,750,300,412,769,741,484,778,144,49,947,910,339,768,673,760,464,877,741,273,318,871,668,805,286,852,172,260,606,927,217,838,148,505,735,612,0,889,889
270,1052,598,800,667,228,535,440,625,787,873,403,440,606,185,777,130,506,616,606,828,822,758,447,689,961,720,895,637,351,678,791,141,844,588,702,695,889,0,0
272,521,402,475,446,381,374,290,436,264,364,552,519,306,477,423,412,72,520,397,481,288,561,281,482,420,532,358,231,382,580,411,535,312,464,430,331,396,541,541
0,280,530,797,167,455,301,234,475,334,66,484,748,680,314,290,750,242,764,529,60,300,253,181,713,318,115,785,456,699,299,324,602,305,723,393,486,365,391,391
280,0,663,1052,446,685,494,121,571,415,288,756,1008,821,580,408,955,500,945,803,304,541,523,458,863,522,198,1055,729,960,491,171,834,207,851,325,755,150,632,632
530,663,0,576,487,271,241,543,110,250,466,722,563,157,406,813,345,380,300,526,582,718,615,551,200,239,625,663,479,538,780,539,333,485,194,415,467,609,304,304
797,1052,576,0,642,378,579,955,671,736,767,565,59,535,484,964,296,556,394,306,810,752,666,670,504,547,912,144,360,107,862,999,248,949,575,931,324,1068,421,421
167,446,487,642,0,332,248,385,467,366,170,338,590,618,160,352,635,116,666,363,168,233,139,63,641,248,275,620,292,540,295,465,470,433,667,492,323,517,263,263
455,685,271,378,332,0,200,582,331,361,411,470,345,337,188,685,302,219,339,255,484,527,422,384,343,169,569,425,210,306,616,621,149,570,390,555,196,690,69,69
301,494,241,579,248,200,0,385,224,177,242,524,543,382,206,574,463,150,466,401,347,480,380,311,412,31,407,615,332,501,539,420,345,370,427,363,340,490,168,168
234,121,543,955,385,582,385,0,450,294,215,716,914,700,498,447,841,414,828,724,279,528,488,412,743,414,205,970,649,868,504,95,729,102,730,221,672,132,534,534
475,571,110,671,467,331,224,450,0,157,409,744,653,257,422,765,455,375,411,581,532,700,603,531,303,238,557,747,524,623,749,436,424,383,281,305,520,505,343,343
334,415,250,736,366,361,177,294,157,0,268,683,706,406,376,624,568,305,542,578,394,592,505,426,450,206,405,786,509,668,624,292,491,237,436,194,517,363,342,342
66,288,466,767,170,411,242,215,409,268,0,505,721,618,291,357,700,211,709,515,125,347,285,204,652,263,164,766,441,673,360,295,560,267,660,341,466,347,351,351
484,756,722,565,338,470,524,716,744,683,505,0,506,807,321,483,710,378,781,276,452,251,233,303,811,506,562,470,270,461,358,801,531,772,860,828,301,848,420,420
748,1008,563,59,590,345,543,914,653,706,721,506,0,538,434,907,314,509,412,248,759,694,609,615,512,511,862,113,304,50,804,961,229,912,582,900,269,1030,380,380
680,821,157,535,618,337,382,700,257,406,618,807,538,0,509,956,254,504,176,572,729,840,735,679,48,372,779,649,543,527,913,692,327,639,53,561,522,762,392,392
314,580,406,484,160,188,206,498,422,376,291,321,434,509,0,505,485,84,528,226,327,339,233,201,523,185,428,474,151,385,428,562,313,520,562,546,175,624,121,121
290,408,813,964,352,685,574,447,765,624,357,483,907,956,505,0,987,468,1018,661,233,232,299,304,984,585,244,911,604,857,126,540,819,545,1002,654,641,550,616,616
750,955,345,296,635,302,463,841,455,568,700,710,314,254,485,987,0,521,98,439,784,819,716,685,216,438,863,428,443,319,914,858,181,804,286,753,410,930,371,371
242,500,380,556,116,219,150,414,375,305,211,378,509,504,84,468,521,0,550,310,266,338,234,175,525,141,358,556,235,461,410,478,363,436,554,466,257,540,152,152
764,945,300,394,666,339,466,828,411,542,709,781,412,176,528,1018,98,550,0,516,804,867,761,721,131,446,873,525,510,414,955,834,252,780,197,716,480,905,408,408
529,803,526,306,363,255,401,724,581,578,515,276,248,572,226,661,439,310,516,0,530,446,362,377,567,372,639,257,75,199,556,787,264,744,624,761,61,850,240,240
60,304,582,810,168,484,347,279,532,394,125,452,759,729,327,233,784,266,804,530,0,249,219,159,759,361,112,787,459,709,239,372,629,359,773,451,492,407,418,418
300,541,718,752,233,527,480,528,700,592,347,251,694,840,339,232,819,338,867,446,249,0,106,169,859,478,342,686,398,645,112,621,641,605,891,689,436,655,460,460
253,523,615,666,139,422,380,488,603,505,285,233,609,735,233,299,716,234,761,362,219,106,0,82,753,375,329,613,306,559,200,576,539,552,786,622,343,619,354,354
181,458,551,670,63,384,311,412,531,426,204,303,615,679,201,304,685,175,721,377,159,169,82,0,701,311,272,635,311,565,235,498,515,472,729,540,346,545,315,315
713,863,200,504,641,343,412,743,303,450,652,811,512,48,523,984,216,525,131,567,759,859,753,701,0,399,814,624,544,505,936,738,312,684,70,608,520,807,404,404
318,522,239,547,248,169,31,414,238,206,263,506,511,372,185,585,438,141,446,372,361,478,375,311,399,0,427,583,305,469,542,452,314,401,420,395,311,521,136,136
115,198,625,912,275,569,407,205,557,405,164,562,862,779,428,244,863,358,873,639,112,342,329,272,814,427,0,895,567,813,302,299,717,301,819,410,598,320,507,507
785,1055,663,144,620,425,615,970,747,786,766,470,113,649,474,911,428,556,525,257,787,686,613,635,624,583,895,0,328,125,799,1025,331,979,693,978,300,1091,447,447
456,729,479,360,292,210,332,649,524,509,441,270,304,543,151,604,443,235,510,75,459,398,306,311,544,305,567,328,0,254,505,713,262,670,596,689,37,775,180,180
699,960,538,107,540,306,501,868,623,668,673,461,50,527,385,857,319,461,414,199,709,645,559,565,505,469,813,125,254,0,754,918,206,869,573,861,218,985,336,336
299,491,780,862,295,616,539,504,749,624,360,358,804,913,428,126,914,410,955,556,239,112,200,235,936,542,302,799,505,754,0,599,739,593,962,690,543,622,547,547
324,171,539,999,465,621,420,95,436,292,295,801,961,692,562,540,858,478,834,787,372,621,576,498,738,452,299,1025,713,918,599,0,764,54,717,157,732,71,581,581
602,834,333,248,470,149,345,729,424,491,560,531,229,327,313,819,181,363,252,264,629,641,539,515,312,314,717,331,262,206,739,764,0,712,376,685,229,834,211,211
305,207,485,949,433,570,370,102,383,237,267,772,912,639,520,545,804,436,780,744,359,605,552,472,684,401,301,979,670,869,593,54,712,0,664,120,688,125,533,533
723,851,194,575,667,390,427,730,281,436,660,860,582,53,562,1002,286,554,197,624,773,891,786,729,70,420,819,693,596,573,962,717,376,664,0,579,575,785,445,445
393,325,415,931,492,555,363,221,305,194,341,828,900,561,546,654,753,466,716,761,451,689,622,540,608,395,410,978,689,861,690,157,685,120,579,0,701,214,531,531
486,755,467,324,323,196,340,672,520,517,466,301,269,522,175,641,410,257,480,61,492,436,343,346,520,311,598,300,37,218,543,732,229,688,575,701,0,796,178,178
365,150,609,1068,517,690,490,132,505,363,347,848,1030,762,624,550,930,540,905,850,407,655,619,545,807,521,320,1091,775,985,622,71,834,125,785,214,796,0,649,649
391,632,304,421,263,69,168,534,343,342,351,420,380,392,121,616,371,152,408,240,418,460,354,315,404,136,507,447,180,336,547,581,211,533,445,531,178,649,0,0
726,929,322,303,612,279,437,815,431,543,675,696,317,238,464,965,25,498,96,426,760,799,695,663,202,413,838,430,427,318,893,833,165,779,273,728,395,904,348,348
0,241,393,634,230,469,619,341,428,572,209,424,84,424,385,375,339,650,336,411,166,518,395,312,266,191,519,425,474,183,125,455,396,531,202,365,473,319,209,209
241,0,500,821,204,251,839,575,665,711,312,269,289,629,586,306,194,502,396,515,387,647,300,426,399,106,757,496,681,424,202,411,398,770,255,554,661,443,296,296
393,500,0,373,301,573,825,370,435,215,601,441,312,702,681,305,407,554,118,17,290,149,763,81,645,393,659,813,310,415,316,275,193,528,594,193,774,75,208,208
634,821,373,0,648,940,755,365,344,205,803,813,554,734,735,677,770,918,488,368,470,253,1030,415,809,720,571,978,175,537,619,643,565,361,824,270,813,395,533,533
230,204,301,648,0,303,836,472,562,516,411,211,209,651,615,145,137,423,192,315,287,450,493,235,485,102,714,625,529,380,106,235,200,670,377,393,704,254,117,117
469,251,573,940,303,0,1084,769,860,785,562,144,488,878,835,277,169,299,455,583,579,719,484,524,650,279,987,733,831,648,379,360,402,968,503,695,912,545,420,420
619,839,825,755,836,1084,0,459,425,863,560,1041,627,219,264,969,957,1259,852,838,571,852,803,776,483,810,184,547,612,456,731,1023,943,395,624,649,231,765,762,762
341,575,370,365,472,769,459,0,90,414,460,681,287,379,374,575,609,865,419,382,191,394,711,334,451,497,288,617,191,188,391,601,515,198,494,189,458,319,366,366
428,665,435,344,562,860,425,90,0,438,530,770,377,391,396,661,699,949,497,444,281,432,788,410,511,588,243,668,187,263,482,681,594,108,570,243,470,393,453,453
572,711,215,205,516,785,863,414,438,0,769,648,488,791,780,510,621,726,331,203,431,66,960,284,797,605,681,970,255,535,519,458,389,497,774,238,869,268,415,415
209,312,601,803,411,562,560,460,530,769,0,567,288,341,296,554,483,802,544,618,340,718,265,520,87,333,525,217,631,272,319,646,597,615,64,546,357,526,416,416
424,269,441,813,211,144,1041,681,770,648,567,0,419,848,809,137,86,235,325,449,498,583,556,402,651,239,925,763,717,589,311,216,261,878,517,582,894,423,317,317
84,289,312,554,209,488,627,287,377,488,288,419,0,450,417,343,339,632,268,330,97,433,478,232,336,211,505,501,399,170,110,409,340,484,287,284,510,238,147,147
424,629,702,734,651,878,219,379,391,791,341,848,450,0,45,792,763,1074,703,718,419,764,586,639,264,611,239,349,566,293,545,859,786,419,405,556,79,633,595,595
385,586,681,735,615,835,264,374,396,780,296,809,417,45,0,757,723,1036,675,697,394,750,541,614,220,571,270,313,564,267,508,826,755,436,360,543,94,610,564,564
375,306,305,677,145,277,969,575,661,510,554,137,343,792,757,0,131,292,190,312,405,445,606,271,630,228,837,766,590,513,250,105,124,767,516,456,847,292,212,212
339,194,407,770,137,169,957,609,699,621,483,86,339,763,723,131,0,319,289,418,422,554,490,355,566,153,844,682,662,507,229,234,249,807,434,526,807,375,251,251
650,502,554,918,423,299,1259,865,949,726,802,235,632,1074,1036,292,319,0,458,555,697,667,775,546,886,472,1129,997,861,802,530,278,364,1054,752,731,1123,565,505,505
336,396,118,488,192,455,852,419,497,331,544,325,268,703,675,190,289,458,0,128,284,265,674,88,602,291,699,761,405,410,233,183,96,599,526,273,769,107,128,128
411,515,17,368,315,583,838,382,444,203,618,449,330,718,697,312,418,555,128,0,307,136,779,99,663,408,671,831,313,431,333,277,197,536,612,202,790,92,224,224
166,387,290,470,287,579,571,191,281,431,340,498,97,419,394,405,422,697,284,307,0,384,559,220,367,306,431,539,308,127,200,452,372,389,355,206,488,217,193,193
518,647,149,253,450,719,852,394,432,66,718,583,433,764,750,445,554,667,265,136,384,0,901,221,752,541,673,923,261,497,457,396,324,503,720,208,841,206,352,352
395,300,763,1030,493,484,803,711,788,960,265,556,478,586,541,606,490,775,674,779,559,901,0,683,323,390,787,299,866,524,446,711,693,877,217,761,580,695,555,555
312,426,81,415,235,524,776,334,410,284,520,402,232,639,614,271,355,546,88,99,220,221,683,0,567,320,618,733,319,347,237,272,184,511,513,185,708,21,131,131
266,399,645,809,485,650,483,451,511,797,87,651,336,264,220,630,566,886,602,663,367,752,323,567,0,414,468,172,634,272,387,718,662,584,150,565,272,570,475,475
191,106,393,720,102,279,810,497,588,605,333,239,211,611,571,228,153,472,291,408,306,541,390,320,414,0,707,539,585,368,107,328,302,695,290,455,655,337,190,190
519,757,659,571,714,987,184,288,243,681,525,925,505,239,270,837,844,1129,699,671,431,673,787,618,468,707,0,583,428,339,615,878,794,215,583,475,301,605,625,625
425,496,813,978,625,733,547,617,668,970,217,763,501,349,313,766,682,997,761,831,539,923,299,733,172,539,583,0,803,442,536,861,814,731,249,737,315,738,633,633
474,681,310,175,529,831,612,191,187,255,631,717,399,566,564,590,662,861,405,313,308,261,866,319,634,585,428,803,0,363,480,582,496,243,656,136,645,298,411,411
183,424,415,537,380,648,456,188,263,535,272,589,170,293,267,513,507,802,410,431,127,497,524,347,272,368,339,442,363,0,278,570,494,358,307,298,361,343,307,307
125,202,316,619,106,379,731,391,482,519,319,311,110,545,508,250,229,530,233,333,200,457,446,237,387,107,615,536,480,278,0,331,278,590,294,351,597,251,109,109
455,411,275,643,235,360,1023,601,681,458,646,216,409,859,826,105,234,278,183,277,452,396,711,272,718,328,878,861,582,570,331,0,87,783,613,455,919,290,263,263
396,398,193,565,200,402,943,515,594,389,597,261,340,786,755,124,249,364,96,197,372,324,693,184,662,302,794,814,496,494,278,87,0,696,570,368,849,203,192,192
531,770,528,361,670,968,395,198,108,497,615,878,484,419,436,767,807,1054,599,536,389,503,877,511,584,695,215,731,243,358,590,783,696,0,660,334,494,493,561,561
202,255,594,824,377,503,624,494,570,774,64,517,287,405,360,516,434,752,526,612,355,720,217,513,150,290,583,249,656,307,294,613,570,660,0,560,422,521,398,398
365,554,193,270,393,695,649,189,243,238,546,582,284,556,543,456,526,731,273,202,206,208,761,185,565,455,475,737,136,298,351,455,368,334,560,0,633,166,276,276
473,661,774,813,704,912,231,458,470,869,357,894,510,79,94,847,807,1123,769,790,488,841,580,708,272,655,301,315,645,361,597,919,849,494,422,633,0,704,657,657
319,443,75,395,254,545,765,319,393,268,526,423,238,633,610,292,375,565,107,92,217,206,695,21,570,337,605,738,298,343,251,290,203,493,521,166,704,0,147,147
209,296,208,533,117,420,762,366,453,415,416,317,147,595,564,212,251,505,128,224,193,352,555,131,475,190,625,633,411,307,109,263,192,561,398,276,657,147,0,0
522,680,856,919,752,930,316,560,577,965,367,929,572,186,185,897,843,1162,838,872,566,933,548,786,280,690,410,256,749,441,648,977,912,604,427,727,111,783,720,720
0,287,721,561,203,278,300,262,380,518,177,396,199,47,475,642,220,282,322,294,205,199,938,332,143,629,253,754,714,530,620,503,218,618,588,443,441,574,313,313
287,0,929,684,475,50,168,248,351,705,173,655,460,330,623,747,250,546,266,581,333,356,1224,73,315,804,303,1007,999,769,848,758,296,901,840,666,727,839,572,572
721,929,0,331,540,949,809,703,674,1029,756,789,746,711,332,351,941,461,724,558,902,881,680,925,841,161,966,233,547,914,125,281,636,698,896,913,517,829,427,427
561,684,331,0,455,717,536,438,372,1007,522,794,672,573,94,86,772,411,439,549,766,756,937,661,703,169,812,527,753,940,336,396,395,825,953,900,594,901,388,388
203,475,540,455,0,475,436,354,432,551,325,349,220,178,361,541,410,82,411,134,362,341,755,506,302,474,429,551,531,497,429,301,276,479,527,446,264,490,115,115
278,50,949,717,475,0,215,285,394,665,196,628,437,318,651,782,206,550,309,572,294,319,1215,123,283,829,258,1016,992,736,863,766,323,883,810,631,719,813,577,577
300,168,809,536,436,215,0,105,183,797,123,697,499,347,486,591,374,489,100,562,433,447,1189,126,394,670,429,917,965,829,743,678,181,904,889,736,700,874,506,506
262,248,703,438,354,285,105,0,126,779,110,649,458,304,383,499,398,398,61,486,435,442,1099,225,384,567,449,813,876,789,638,577,82,831,841,705,618,819,412,412
380,351,674,372,432,394,183,126,0,898,237,754,569,419,342,417,524,456,84,566,561,566,1145,308,509,523,575,817,928,897,630,600,167,910,944,819,685,915,461,461
518,705,1029,1007,551,665,797,779,898,0,682,242,341,480,912,1093,459,603,838,477,373,353,860,776,403,1007,412,939,694,171,905,749,734,480,254,116,526,312,632,632
177,173,756,522,325,196,123,110,237,682,0,574,376,223,455,591,287,387,161,446,328,337,1081,183,281,633,338,838,856,706,675,591,127,784,765,616,587,751,409,409
396,655,789,794,349,628,697,649,754,242,574,0,198,350,700,880,451,383,710,247,355,323,673,714,345,776,426,697,480,148,664,507,587,292,192,126,284,184,408,408
199,460,746,672,220,437,499,458,569,341,376,198,0,154,578,758,282,288,519,203,197,166,804,517,164,693,274,715,588,331,628,482,402,449,389,250,328,380,322,322
47,330,711,573,178,318,347,304,419,480,223,350,154,0,483,656,232,260,365,254,196,183,897,378,133,628,255,729,673,485,604,480,254,572,542,400,400,527,293,293
475,623,332,94,361,651,486,383,342,912,455,700,578,483,0,180,690,317,396,455,678,667,879,608,615,184,728,495,684,846,301,327,328,741,861,805,508,810,295,295
642,747,351,86,541,782,591,499,417,1093,591,880,758,656,180,0,850,496,491,634,848,838,993,718,785,198,891,568,818,1025,384,466,465,902,1037,986,674,984,473,473
220,250,941,772,410,206,374,398,524,459,287,451,282,232,690,850,0,492,445,463,97,127,1086,323,120,848,54,959,869,542,836,711,393,728,621,433,603,633,525,525
282,546,461,411,82,550,489,398,456,603,387,383,288,260,317,496,492,0,449,138,442,420,701,571,384,407,510,471,478,529,348,220,316,459,546,493,229,500,34,34
322,266,724,439,411,309,100,61,84,838,161,710,519,365,396,491,445,449,0,544,489,497,1149,227,441,580,498,848,928,850,667,619,135,889,902,765,673,879,461,461
294,581,558,549,134,572,562,486,566,477,446,247,203,254,455,634,463,138,544,0,392,364,643,620,344,530,467,512,419,391,435,283,409,345,408,363,146,363,161,161
205,333,902,766,362,294,433,435,561,373,328,355,197,196,678,848,97,442,489,392,0,32,999,403,63,824,77,899,785,445,791,656,413,635,524,338,525,536,476,476
199,356,881,756,341,319,447,442,566,353,337,323,166,183,667,838,127,420,497,364,32,0,967,424,57,808,108,873,754,417,768,631,413,603,494,311,494,505,455,455
938,1224,680,937,755,1215,1189,1099,1145,860,1081,673,804,897,879,993,1086,701,1149,643,999,967,0,1261,967,799,1076,448,224,689,609,555,1017,384,612,769,497,548,687,687
332,73,925,661,506,123,126,225,308,776,183,714,517,378,608,718,323,571,227,620,403,424,1261,0,380,792,376,1019,1036,833,852,774,289,950,902,732,765,897,593,593
143,315,841,703,302,283,394,384,509,403,281,345,164,133,615,785,120,384,441,344,63,57,967,380,0,761,127,845,749,453,732,600,355,613,526,351,482,530,418,418
629,804,161,169,474,829,670,567,523,1007,633,776,693,628,184,198,848,407,580,530,824,808,799,792,761,0,881,369,636,914,190,301,508,746,911,893,532,851,375,375
253,303,966,812,429,258,429,449,575,412,338,426,274,255,728,891,54,510,498,467,77,108,1076,376,127,881,0,972,862,505,858,727,440,710,587,395,601,605,544,544
754,1007,233,527,551,1016,917,813,817,939,838,697,715,729,495,568,959,471,848,512,899,873,448,1019,845,369,972,0,343,797,193,251,736,532,759,823,414,688,440,440
714,999,547,753,531,992,965,876,928,694,856,480,588,673,684,818,869,478,928,419,785,754,224,1036,749,636,862,343,0,530,450,357,795,222,468,591,273,396,467,467
530,769,914,940,497,736,829,789,897,171,706,148,331,485,846,1025,542,529,850,391,445,417,689,833,453,914,505,797,530,0,789,633,730,311,88,110,397,141,553,553
620,848,125,336,429,863,743,638,630,905,675,664,628,604,301,384,836,348,667,435,791,768,609,852,732,190,858,193,450,789,0,156,564,581,772,788,392,706,314,314
503,758,281,396,301,766,678,577,600,749,591,507,482,480,327,466,711,220,619,283,656,631,555,774,600,301,727,251,357,633,156,0,497,444,620,632,238,555,189,189
218,296,636,395,276,323,181,82,167,734,127,587,402,254,328,465,393,316,135,409,413,413,1017,289,355,508,440,736,795,730,564,497,0,755,777,652,538,750,330,330
618,901,698,825,479,883,904,831,910,480,784,292,449,572,741,902,728,459,889,345,635,603,384,950,613,746,710,532,222,311,581,444,755,0,246,385,235,174,464,464
588,840,896,953,527,810,889,841,944,254,765,192,389,542,861,1037,621,546,902,408,524,494,612,902,526,911,587,759,468,88,772,620,777,246,0,196,381,72,566,566
443,666,913,900,446,631,736,705,819,116,616,126,250,400,805,986,433,493,765,363,338,311,769,732,351,893,395,823,591,110,788,632,652,385,196,0,410,233,521,521
441,727,517,594,264,719,700,618,685,526,587,284,328,400,508,674,603,229,673,146,525,494,497,765,482,532,601,414,273,397,392,238,538,235,381,410,0,318,230,230
574,839,829,901,490,813,874,819,915,312,751,184,380,527,810,984,633,500,879,363,536,505,548,897,530,851,605,688,396,141,706,555,750,174,72,233,318,0,516,516
313,572,427,388,115,577,506,412,461,632,409,408,322,293,295,473,525,34,461,161,476,455,687,593,418,375,544,440,467,553,314,189,330,464,566,521,230,516,0,0
590,875,510,667,408,868,843,756,812,613,733,383,470,550,590,739,749,358,808,295,667,637,348,912,629,569,745,345,124,460,396,272,674,190,415,503,149,343,350,350
0,273,192,535,270,562,403,727,450,334,65,931,305,615,161,153,819,410,460,338,662,784,443,647,286,598,465,329,211,392,234,405,342,426,273,561,245,557,562,562
273,0,465,280,132,297,621,589,205,122,239,778,556,347,412,178,694,242,364,97,740,673,489,378,151,754,245,599,120,605,309,650,256,618,344,654,287,434,405,405
192,465,0,720,444,753,295,871,639,516,240,1076,163,804,127,330,954,573,605,524,684,912,517,837,456,559,648,150,390,319,332,279,499,373,374,582,358,704,722,722
535,280,720,0,280,237,807,693,281,204,514,840,778,104,687,458,799,204,553,197,985,795,736,135,274,1025,344,864,329,886,464,928,482,896,612,908,432,583,526,526
270,132,444,280,0,388,538,722,323,77,268,909,498,374,430,251,827,145,494,102,843,806,595,407,21,829,372,592,60,651,200,675,381,675,435,751,172,567,538,538
562,297,753,237,388,0,916,464,126,320,515,603,853,192,681,432,567,396,379,287,833,568,600,201,396,917,162,878,407,831,588,899,356,825,523,772,561,379,313,313
403,621,295,807,538,916,0,1130,824,615,468,1334,135,908,420,555,1220,614,862,639,978,1183,807,940,538,840,852,359,509,597,343,526,746,657,653,877,375,960,965,965
727,589,871,693,722,464,1130,0,425,688,661,205,1022,656,752,577,107,799,268,651,542,105,425,660,739,718,363,935,701,765,881,870,384,725,502,538,866,169,183,183
450,205,639,281,323,126,824,425,0,272,399,596,750,280,560,312,533,376,276,235,723,523,483,299,337,795,64,758,325,704,513,773,233,699,398,657,490,302,249,249
334,122,516,204,77,320,615,688,272,0,321,868,575,296,491,284,795,120,480,37,861,778,610,329,77,866,328,661,125,703,275,735,376,721,461,773,245,542,505,505
65,239,240,514,268,515,468,661,399,321,0,866,367,586,173,92,754,412,395,317,615,718,388,617,287,570,408,363,207,383,279,414,277,408,216,516,284,491,498,498
931,778,1076,840,909,603,1334,205,596,868,866,0,1227,784,956,781,138,973,473,830,680,190,614,781,925,878,539,1136,894,955,1078,1063,588,911,705,699,1061,374,376,376
305,556,163,778,498,853,135,1022,750,575,367,1227,0,872,291,458,1109,601,754,593,844,1069,680,905,504,705,769,230,456,462,328,395,642,521,533,743,360,853,865,865
615,347,804,104,374,192,908,656,280,296,586,784,872,0,760,520,758,309,556,281,1003,761,760,33,370,1064,337,944,418,945,565,996,507,949,655,934,533,568,504,504
161,412,127,687,430,681,420,752,560,491,173,956,291,760,0,249,831,571,488,490,564,788,389,791,446,461,558,199,370,237,376,244,391,280,250,462,394,587,611,611
153,178,330,458,251,432,555,577,312,284,92,781,458,520,249,0,673,392,313,271,594,640,350,550,272,582,317,446,196,427,326,476,193,439,184,500,321,408,409,409
819,694,954,799,827,567,1220,107,533,795,754,138,1109,758,831,673,0,907,359,758,546,52,478,760,845,741,470,1007,805,819,983,928,480,774,580,562,969,266,290,290
410,242,573,204,145,396,614,799,376,120,412,973,601,309,571,392,907,0,600,153,978,892,728,340,125,973,436,723,205,796,275,816,497,820,574,889,242,659,618,618
460,364,605,553,494,379,862,268,276,480,395,473,754,556,488,313,359,600,0,447,453,326,234,573,514,560,220,677,461,538,629,633,122,511,244,400,619,99,134,134
338,97,524,197,102,287,639,651,235,37,317,830,593,281,490,271,758,153,447,0,837,742,585,314,108,850,291,667,137,695,303,732,347,710,441,751,274,507,468,468
662,740,684,985,843,833,978,542,723,861,615,680,844,1003,564,594,546,978,453,837,0,494,251,1023,864,218,671,654,790,405,894,512,502,343,409,102,899,483,553,553
784,673,912,795,806,568,1183,105,523,778,718,190,1069,761,788,640,52,892,326,742,494,0,429,765,825,689,459,961,780,770,955,879,448,723,538,509,942,240,275,275
443,489,517,736,595,600,807,425,483,610,388,614,680,760,389,350,478,728,234,585,251,429,0,782,617,325,437,539,544,341,666,449,254,299,172,173,667,300,360,360
647,378,837,135,407,201,940,660,299,329,617,781,905,33,791,550,760,340,573,314,1023,765,782,0,403,1089,353,976,451,973,597,1026,529,977,681,956,565,580,514,514
286,151,456,274,21,396,538,739,337,77,287,925,504,370,446,272,845,125,514,108,864,825,617,403,0,850,387,605,80,670,197,691,402,695,456,772,167,586,556,556
598,754,559,1025,829,917,840,718,795,866,570,878,705,1064,461,582,741,973,560,850,218,689,325,1089,850,0,756,490,770,243,830,329,561,185,412,180,843,620,683,683
465,245,648,344,372,162,852,363,64,328,408,539,769,337,558,317,470,436,220,291,671,459,437,353,387,756,0,758,365,683,554,759,199,672,372,610,533,238,185,185
329,599,150,864,592,878,359,935,758,661,363,1136,230,944,199,446,1007,723,677,667,654,961,539,976,605,490,758,0,536,251,480,167,588,314,434,558,507,775,805,805
211,120,390,329,60,407,509,701,325,125,207,894,456,418,370,196,805,205,461,137,790,780,544,451,80,770,365,536,0,590,188,615,343,614,380,696,168,540,519,519
392,605,319,886,651,831,597,765,704,703,383,955,462,945,237,427,819,796,538,695,405,770,341,973,670,243,683,251,590,0,614,112,486,63,311,315,631,625,672,672
234,309,332,464,200,588,343,881,513,275,279,1078,328,565,376,326,983,275,629,303,894,955,666,597,197,830,554,480,188,614,0,603,508,654,494,794,33,716,701,701
405,650,279,928,675,899,526,870,773,735,414,1063,395,996,244,476,928,816,633,732,512,879,449,1026,691,329,759,167,615,112,603,0,569,170,396,425,625,724,767,767
342,256,499,482,381,356,746,384,233,376,277,588,642,507,391,193,480,497,122,347,502,448,254,529,402,561,199,588,343,486,508,569,0,473,175,428,498,215,223,223
426,618,373,896,675,825,657,725,699,721,408,911,521,949,280,439,774,820,511,710,343,723,299,977,695,185,672,314,614,63,654,170,473,0,301,254,669,593,645,645
273,344,374,612,435,523,653,502,398,461,216,705,533,655,250,184,580,574,244,441,409,538,172,681,456,412,372,434,380,311,494,396,175,301,0,315,495,341,375,375
561,654,582,908,751,772,877,538,657,773,516,699,743,934,462,500,562,889,400,751,102,509,173,956,772,180,610,558,696,315,794,425,428,254,315,0,800,448,515,515
245,287,358,432,172,561,375,866,490,245,284,1061,360,533,394,321,969,242,619,274,899,942,667,565,167,843,533,507,168,631,33,625,498,669,495,800,0,703,685,685
557,434,704,583,567,379,960,169,302,542,491,374,853,568,587,408,266,659,99,507,483,240,300,580,586,620,238,775,540,625,716,724,215,593,341,448,703,0,71,71
562,405,722,526,538,313,965,183,249,505,498,376,865,504,611,409,290,618,134,468,553,275,360,514,556,683,185,805,519,672,701,767,223,645,375,515,685,71,0,0
710,520,877,569,648,332,1109,156,328,601,647,272,1015,518,768,556,244,702,291,563,667,260,505,518,663,821,275,963,640,827,827,924,377,797,533,646,808,205,158,158
0,171,844,181,782,444,743,576,628,535,315,646,514,430,414,147,257,980,694,102,632,264,654,604,701,318,267,358,479,422,639,616,70,994,241,718,678,493,149,149
171,0,681,20,619,275,637,437,473,471,202,475,452,358,426,152,85,809,610,268,512,409,489,437,549,164,258,353,382,357,492,504,240,823,259,568,527,430,289,289
844,681,0,666,452,473,825,321,229,584,695,327,875,573,991,811,601,247,896,946,713,1089,419,407,177,526,711,920,493,590,244,408,914,387,885,178,202,587,970,970
181,20,666,0,617,270,647,418,456,452,215,468,468,339,445,172,78,798,623,280,520,426,486,432,532,146,244,373,361,338,474,484,251,817,279,551,510,411,305,305
782,619,452,617,0,348,400,570,480,828,497,198,544,756,721,676,539,349,494,862,324,952,132,189,511,551,800,669,702,769,531,705,845,257,693,533,518,808,852,852
444,275,473,270,348,0,482,358,327,547,222,204,424,452,518,363,192,550,506,533,345,649,216,162,399,213,459,447,421,461,370,481,511,549,418,424,387,517,537,537
743,637,825,647,400,482,0,831,774,1026,437,505,272,925,474,598,595,749,115,781,136,800,407,433,831,673,887,460,902,932,824,960,784,636,546,856,827,993,740,740
576,437,321,418,570,358,831,0,105,278,534,373,775,252,829,587,378,540,864,678,696,838,464,416,146,273,398,754,172,269,77,135,642,637,685,154,120,272,718,718
628,473,229,456,480,327,774,105,0,383,531,289,752,352,831,615,401,436,819,730,644,882,386,345,77,310,482,757,275,368,51,229,696,533,702,99,60,377,762,762
535,471,584,452,828,547,1026,278,383,0,644,630,905,113,897,614,461,815,1034,624,889,792,709,655,408,360,274,825,127,115,346,180,584,915,727,405,385,42,683,683
315,202,695,215,497,222,437,534,531,644,0,411,260,534,301,184,184,760,408,375,319,454,383,346,606,289,459,227,536,536,566,635,367,735,202,630,591,606,356,356
